         0  jmp  0 112.00000
         1  jmp  0   2.00000
         2  sto  0   4.00000
         3  sto  0   3.00000
         4  int  0   9.00000
         5  lod  0   3.00000
         6  sto  0   5.00000
         7  lod  0   4.00000
         8  sto  0   6.00000
         9  lit  0   0.00000
        10  sto  1   5.00000
        11  lod  0   6.00000
        12  lit  0   0.00000
        13  opr  0  12.00000
        14  jpc  0  31.00000
        15  lod  0   6.00000
        16  opr  0   6.00000
        17  jpc  0  22.00000
        18  lod  1   5.00000
        19  lod  0   5.00000
        20  opr  0   2.00000
        21  sto  1   5.00000
        22  lit  0   2.00000
        23  lod  0   5.00000
        24  opr  0   4.00000
        25  sto  0   5.00000
        26  lod  0   6.00000
        27  lit  0   2.00000
        28  opr  0  18.00000
        29  sto  0   6.00000
        30  jmp  0  11.00000
        31  lod  1   5.00000
        32  sto  1   8.00000
        33  opr  0   0.00000
        34  jmp  0  35.00000
        35  sto  0   4.00000
        36  sto  0   3.00000
        37  int  0   8.00000
        38  lod  0   3.00000
        39  sto  1   7.00000
        40  lit  0   0.00000
        41  sto  1   6.00000
        42  lod  0   4.00000
        43  sto  0   5.00000
        44  lod  0   5.00000
        45  lod  1   7.00000
        46  opr  0  13.00000
        47  jpc  0  53.00000
        48  lit  0   2.00000
        49  lod  0   5.00000
        50  opr  0   4.00000
        51  sto  0   5.00000
        52  jmp  0  44.00000
        53  lod  0   5.00000
        54  lod  0   4.00000
        55  opr  0  12.00000
        56  jpc  0  78.00000
        57  lit  0   2.00000
        58  lod  1   6.00000
        59  opr  0   4.00000
        60  sto  1   6.00000
        61  lod  0   5.00000
        62  lit  0   2.00000
        63  opr  0  18.00000
        64  sto  0   5.00000
        65  lod  0   5.00000
        66  lod  1   7.00000
        67  opr  0  13.00000
        68  jpc  0  77.00000
        69  lod  1   7.00000
        70  lod  0   5.00000
        71  opr  0   3.00000
        72  sto  1   7.00000
        73  lod  1   6.00000
        74  lit  0   1.00000
        75  opr  0   2.00000
        76  sto  1   6.00000
        77  jmp  0  53.00000
        78  lod  1   6.00000
        79  opr  0  16.00000
        80  lod  1   7.00000
        81  opr  0  16.00000
        82  opr  0  17.00000
        83  opr  0   0.00000
        84  jmp  0  85.00000
        85  sto  0   4.00000
        86  sto  0   3.00000
        87  int  0   7.00000
        88  lod  0   3.00000
        89  lod  0   4.00000
        90  opr  0   9.00000
        91  jpc  0 109.00000
        92  lod  0   3.00000
        93  lod  0   4.00000
        94  opr  0  10.00000
        95  jpc  0 100.00000
        96  lod  0   4.00000
        97  lod  0   3.00000
        98  opr  0   3.00000
        99  sto  0   4.00000
       100  lod  0   4.00000
       101  lod  0   3.00000
       102  opr  0  10.00000
       103  jpc  0 108.00000
       104  lod  0   3.00000
       105  lod  0   4.00000
       106  opr  0   3.00000
       107  sto  0   3.00000
       108  jmp  0  88.00000
       109  lod  0   3.00000
       110  sto  1  10.00000
       111  opr  0   0.00000
       112  int  0  11.00000
       113  lit  0   7.00000
       114  sto  0   3.00000
       115  lit  0  85.00000
       116  sto  0   4.00000
       117  lod  0   3.00000
       118  lod  0   4.00000
       119  cal  0   2.00000
       120  opr  0   7.00000
       121  opr  0   7.00000
       122  lod  0   8.00000
       123  opr  0  16.00000
       124  opr  0  17.00000
       125  lit  0  25.00000
       126  sto  0   3.00000
       127  lit  0   3.00000
       128  sto  0   4.00000
       129  lod  0   3.00000
       130  lod  0   4.00000
       131  cal  0  35.00000
       132  opr  0   7.00000
       133  opr  0   7.00000
       134  lit  0  34.50000
       135  sto  0   3.00000
       136  lit  0  36.00000
       137  sto  0   4.00000
       138  lod  0   3.00000
       139  lod  0   4.00000
       140  cal  0  85.00000
       141  opr  0   7.00000
       142  opr  0   7.00000
       143  lod  0  10.00000
       144  sto  0   5.00000
       145  lod  0   5.00000
       146  opr  0  16.00000
       147  opr  0  17.00000
       148  opr  0   0.00000
       149  lit  0   0.00000
